128
128
128
129
129
137
137
137
138
138
138
139
142
142
143
143
143
144
144
145
145
145
146
147
147
147
150
150
155
158
163
166
171
174
174
174
179
179
182
183
183
184
185
186
187
187
127
127
127
130
130
130
138
138
138
147
147
150
151
155
158
158
158
163
163
163
166
166
166
171
171
174
178
178
178
182
182
126
126
126
131
138
138
147
147
150
151
155
155
159
162
166
166
166
171
171
171
174
174
174
177
182
126
131
131
131
138
138
146
146
150
152
155
155
155
159
159
162
162
166
166
171
171
171
174
174
174
176
176
182
126
131
131
138
138
145
145
150
152
152
155
160
160
161
166
166
167
167
167
168
169
170
170
171
171
174
175
182
183
183
183
184
185
185
185
186
186
126
126
126
127
127
128
128
128
129
129
129
130
131
131
131
138
144
144
150
150
153
153
155
155
160
160
161
161
166
171
174
174
174
175
175
182
126
126
131
131
138
138
138
143
150
150
153
153
153
155
159
159
159
162
162
162
166
166
171
171
171
174
174
174
176
176
176
182
182
126
126
126
131
131
131
134
138
142
150
150
150
154
154
155
155
155
159
159
159
162
162
166
171
171
174
177
177
177
182
182
182
126
131
134
134
138
142
142
150
154
155
155
155
158
163
166
166
166
171
174
174
174
178
182
182
182
126
131
135
136
137
142
142
143
144
145
145
146
146
147
147
150
150
150
155
155
155
158
158
158
163
166
166
171
171
171
174
179
179
182
182
183
183
184
184
184
185
185
186
186
187
